--[[
    ██████╗ ██╗  ██╗ █████╗ ███╗   ██╗████████╗ ██████╗ ███╗   ███╗
    ██╔══██╗██║  ██║██╔══██╗████╗  ██║╚══██╔══╝██╔═══██╗████╗ ████║
    ██████╔╝███████║███████║██╔██╗ ██║   ██║   ██║   ██║██╔████╔██║
    ██╔═══╝ ██╔══██║██╔══██║██║╚██╗██║   ██║   ██║   ██║██║╚██╔╝██║
    ██║     ██║  ██║██║  ██║██║ ╚████║   ██║   ╚██████╔╝██║ ╚═╝ ██║
    ╚═╝     ╚═╝  ╚═╝╚═╝  ╚═╝╚═╝  ╚═══╝   ╚═╝    ╚═════╝ ╚═╝     ╚═╝

                [ PHANTOM SUITE V5 PRODUCTION ]

    [+] BUILD SIGNATURE : PHANTOM-592258
    [+] COMPILATION DATE: 2026-09-20 11:53:43
    [+] INTEGRITY HASH  : 0x1B8F3B875B4249BA
]]--
local _LVwjfJX7=497;local _HRe6Kor=(_LVwjfJX7%22);local _tuFJPYAXu0VUPBib=(_LVwjfJX7-_HRe6Kor)%316;local _NNduC8sqR8uk5=294;local _u_jO8_cyKI2oc_N7=(_NNduC8sqR8uk5*25)%343;if _u_jO8_cyKI2oc_N7~=_NNduC8sqR8uk5 then local _MBilsXoMWO_6=_u_jO8_cyKI2oc_N7+25;end;local _S9zY1nE={10,62,83};local _vNz7nhH5DNI=(_S9zY1nE[1]+_S9zY1nE[2])%524;local _rFg85YE6M79P=(_vNz7nhH5DNI+_S9zY1nE[3])%524;local _n3DXwEiqjfW2=312;local _rrjmDNCP1p9gx=(_n3DXwEiqjfW2*25)%285;if _rrjmDNCP1p9gx~=_n3DXwEiqjfW2 then local _HxC1i7PtTKK=_rrjmDNCP1p9gx+25;end;local _WmthbhTGEdK=675;local _iz1OgkXaK=(_WmthbhTGEdK+18)%743;local _e3EkYYEWNc=(_iz1OgkXaK*18)%743;local _lkj8lneV=610;local _BoZGmUHF9V=6;local _m6qVxwEo=0;for _I63xApqX=1,2 do _m6qVxwEo=(_lkj8lneV+_BoZGmUHF9V+_m6qVxwEo)%103;end;local _R3t_uStxyG={57,59,59};local _gA5bf4TkzY=(_R3t_uStxyG[1]+_R3t_uStxyG[2])%411;local _Y9ownU1AAywkF4A=(_gA5bf4TkzY+_R3t_uStxyG[3])%411;local _hboOFL1vMaF=361;local _eCrDi3Y=(_hboOFL1vMaF+3)%847;local _pvmCCokHN4=(_eCrDi3Y*3)%847;local _A1rAt5xfn=825;local _W8KsT2S7ekgx=(_A1rAt5xfn*30)%309;if _W8KsT2S7ekgx~=_A1rAt5xfn then local _c4eiajfA1sj_eG=_W8KsT2S7ekgx+30;end;local _EaBAk8bVkwKTAa=461;local _Bjc_miGPxvqMimqI=(_EaBAk8bVkwKTAa*17)%701;if _Bjc_miGPxvqMimqI~=_EaBAk8bVkwKTAa then local _DBMDK0lXxWNpXiR=_Bjc_miGPxvqMimqI+17;end;local _k5toYNU1kAY={28,49,35};local _lFP_9gJXcU5HYt=(_k5toYNU1kAY[1]+_k5toYNU1kAY[2])%644;local _GAIENsIi2KqP1V2=(_lFP_9gJXcU5HYt+_k5toYNU1kAY[3])%644;local _c6MA4x3Xt=69;local _ivUtQ8D9Zc=(_c6MA4x3Xt+29)%843;local _l2TrVD_u7=(_ivUtQ8D9Zc*29)%843;local _PrikeZ8JN2VeoMa=561;local _KZtQKNZUD12=(_PrikeZ8JN2VeoMa+15)%708;local _g7Yzqlf4X=(_KZtQKNZUD12*15)%708;local _djR2r8zpB0Xk6=85;local _ejCNrOSL=(_djR2r8zpB0Xk6+13)%890;local _L2d8WXF6kcSKi_EX=(_ejCNrOSL*13)%890;local _CJFU_I0z2X8VpVI=156;local _Gg6qIo0r5EY8OTd=(_CJFU_I0z2X8VpVI*10)%159;if _Gg6qIo0r5EY8OTd~=_CJFU_I0z2X8VpVI then local _EFxvknOdr8o5g=_Gg6qIo0r5EY8OTd+10;end;local _XNBEoxUc=763;local _GyxDMGYcU=(_XNBEoxUc%6);local _ytuf9Ax6=(_XNBEoxUc-_GyxDMGYcU)%436;local _LHjPpiG8sUn=544;local _U0YCdSs26AWOyf=(_LHjPpiG8sUn+3)%114;local _nQFkHI5aDkOqHo=(_U0YCdSs26AWOyf*3)%114;local _kdmPdwf=815;local _XALcT9zrAWHReN5=(_kdmPdwf%29);local _oNWQ_wh=(_kdmPdwf-_XALcT9zrAWHReN5)%505;local _Lp92DrB4ScIlO={88,98,64};local _ApeW9C7PAP=(_Lp92DrB4ScIlO[1]+_Lp92DrB4ScIlO[2])%421;local _o9ikttaPz_d96XZ=(_ApeW9C7PAP+_Lp92DrB4ScIlO[3])%421;local _LwGf9zl={53,68,16};local _vGnI4n8GV62_zCI=(_LwGf9zl[1]+_LwGf9zl[2])%659;local _PFnV7fbToKRMd=(_vGnI4n8GV62_zCI+_LwGf9zl[3])%659;local _otiqvpT53=464;local _yzPdP5xN=16;local _X6yJPk0=0;for _gDG2fbtc=1,4 do _X6yJPk0=(_otiqvpT53+_yzPdP5xN+_X6yJPk0)%785;end;local _x0LqJ4nUm2OJjge={15,24,87};local _IIXDvzFyIvwv=(_x0LqJ4nUm2OJjge[1]+_x0LqJ4nUm2OJjge[2])%170;local _ORFJe72vk=(_IIXDvzFyIvwv+_x0LqJ4nUm2OJjge[3])%170;local _vXgEkkeGxjv79M3g=740;local _DKAnkmABKiS9C=(_vXgEkkeGxjv79M3g+18)%434;local _NhS7eEnUiHa=(_DKAnkmABKiS9C*18)%434;local _UZeYf57=344;local _bDNdkdAD=(_UZeYf57%31);local _FjEOlClK=(_UZeYf57-_bDNdkdAD)%663;local _qY0RjjJFw6=770;local _NJbwH0N=(_qY0RjjJFw6%20);local _rIl96SrGaRYbVVZ=(_qY0RjjJFw6-_NJbwH0N)%254;local _iY2oF5cm8I4Pkh=623;local _Tfd8tOuUfgYb=4;local _oUQo6mX=0;for _JXHQME4x=1,3 do _oUQo6mX=(_iY2oF5cm8I4Pkh+_Tfd8tOuUfgYb+_oUQo6mX)%155;end;local _Y4NDhEdP5vi=144;local _osV3P0jRh=14;local _hIt1GERKH6k9HcsE=0;for _UqAddE8c=1,4 do _hIt1GERKH6k9HcsE=(_Y4NDhEdP5vi+_osV3P0jRh+_hIt1GERKH6k9HcsE)%280;end;local _yodZH0r2K={52,29,70};local _B55szkT2GU=(_yodZH0r2K[1]+_yodZH0r2K[2])%479;local _HmdFbCCq1L7PVE7x=(_B55szkT2GU+_yodZH0r2K[3])%479;local _mXobHNoLk=527;local _iP2BTBJC=29;local _YmP2IFhQ=0;for _xB_Icxag=1,5 do _YmP2IFhQ=(_mXobHNoLk+_iP2BTBJC+_YmP2IFhQ)%366;end;local _Oy4d2M2=108;local _qTV1fi38P6lf=21;local _GvwdOxV=0;for _NIO0P2KJ=1,5 do _GvwdOxV=(_Oy4d2M2+_qTV1fi38P6lf+_GvwdOxV)%849;end;local _jW9PFdqV=605;local _kOiUUBzvBF5=(_jW9PFdqV%24);local _N35zm1tREYXuHe=(_jW9PFdqV-_kOiUUBzvBF5)%592;local _WIu3dxVl=187;local _MyXtvh_8zL=(_WIu3dxVl*12)%826;if _MyXtvh_8zL~=_WIu3dxVl then local _TVqcYo34_vQ=_MyXtvh_8zL+12;end;local _FR4HzYI=685;local _PRO26VKVCfab=15;local _S2DnYxrVGfl8p=0;for _yQiZfrzo=1,5 do _S2DnYxrVGfl8p=(_FR4HzYI+_PRO26VKVCfab+_S2DnYxrVGfl8p)%292;end;local _OGScyoCj17cmWK1=216;local _oDkWSb7LbFy5A=(_OGScyoCj17cmWK1+9)%325;local _FekRkgl=(_oDkWSb7LbFy5A*9)%325;local _HqFy1P6Odl=390;local _j3vWTxB126_g=(_HqFy1P6Odl%12);local _QNYHXjG=(_HqFy1P6Odl-_j3vWTxB126_g)%96;local _ebob3Esc=462;local _CDkTjGSfAnv=21;local _eDBo3uzoyIVmRtq=0;for _Y9WhekP9=1,5 do _eDBo3uzoyIVmRtq=(_ebob3Esc+_CDkTjGSfAnv+_eDBo3uzoyIVmRtq)%704;end;local _L0ETJGyLF9p96E=790;local _kxcyDf9H3cifS=(_L0ETJGyLF9p96E*5)%892;if _kxcyDf9H3cifS~=_L0ETJGyLF9p96E then local _YbXpFbiMLQogGwH=_kxcyDf9H3cifS+5;end;local _LFf1XDTAnx38D_l=665;local _KdY9VEfXZqqYNyyR=(_LFf1XDTAnx38D_l*31)%597;if _KdY9VEfXZqqYNyyR~=_LFf1XDTAnx38D_l then local _H_1Ia5vYj=_KdY9VEfXZqqYNyyR+31;end;local _mjpBhdMbh4Bn0K5=442;local _kXTCpLnNvVcBfWRQ=(_mjpBhdMbh4Bn0K5%30);local _VNVPHfDIZnT=(_mjpBhdMbh4Bn0K5-_kXTCpLnNvVcBfWRQ)%737;local _z7iMfp4i0EMV=183;local _o7gNmsUn5EwluowJ=(_z7iMfp4i0EMV+26)%837;local _o9bAZOha9Ss0mlV4=(_o7gNmsUn5EwluowJ*26)%837;local _YxZIE1Q5DzjuzwJl=280;local _y3nOF0_vdeiYV=(_YxZIE1Q5DzjuzwJl%18);local _iQiqivR_J4cy=(_YxZIE1Q5DzjuzwJl-_y3nOF0_vdeiYV)%268;local _ppCZRApxmilP={91,17,49};local _AJ01emhaGE=(_ppCZRApxmilP[1]+_ppCZRApxmilP[2])%753;local _syEIfjot8Un=(_AJ01emhaGE+_ppCZRApxmilP[3])%753;local _iTPmbx3nxGzYC=332;local _E2QpOSB=(_iTPmbx3nxGzYC%12);local _I2GLoRmgN=(_iTPmbx3nxGzYC-_E2QpOSB)%393;local _vd8kpXh={12,22,23};local _kv4rDjmF8eBE=(_vd8kpXh[1]+_vd8kpXh[2])%653;local _M1mhN0ayvl4AhT=(_kv4rDjmF8eBE+_vd8kpXh[3])%653;local _g11QFrJE7Z=334;local _Wsut24INPKNxa3z=(_g11QFrJE7Z*19)%701;if _Wsut24INPKNxa3z~=_g11QFrJE7Z then local _fsS_K66jKEwtcn=_Wsut24INPKNxa3z+19;end;local _t_k8bAReO7u=177;local _Hio_yWvQbKk1H=12;local _s_61ZZotO13vgW1=0;for _r6QgHSBD=1,2 do _s_61ZZotO13vgW1=(_t_k8bAReO7u+_Hio_yWvQbKk1H+_s_61ZZotO13vgW1)%660;end;local _AMDrxK7={93,51,56};local _aKnHkOBFfqyQSzg=(_AMDrxK7[1]+_AMDrxK7[2])%365;local _Ly9016SVyOz90K0K=(_aKnHkOBFfqyQSzg+_AMDrxK7[3])%365;local _mppEA4v5YFgy=856;local _cJBilRqa4r=(_mppEA4v5YFgy+21)%170;local _awo6nM04toq9cPN=(_cJBilRqa4r*21)%170;local _z2A7WE0_8js=72;local _WFSJeGM6huhq9iTg=12;local _zVT1l3iqw1ExPj=0;for _VI61Oq85=1,3 do _zVT1l3iqw1ExPj=(_z2A7WE0_8js+_WFSJeGM6huhq9iTg+_zVT1l3iqw1ExPj)%55;end;local _KwYjnvNE6OC=542;local _lHMhsdZb=(_KwYjnvNE6OC%28);local _YwlyBI8zz=(_KwYjnvNE6OC-_lHMhsdZb)%342;local _kDQoVqAuE27Pa29myn68={{311,805,56489,{10982,38280,52143,39963,10982,59702,26927,26100,39963,59702,62640,52143,55081,47522,59702,60529,18541,47522,47522,35342,59274,47522,18541,18541,38280,62640,52143,18113,22734,27355,48349,32803,26927,26927,26927,26927,18541,47522,47522,35342,59274,47522,18541,18541,38280,62640,52143}},{118,313,20897,{18269,56123,28456,56725,1090,56725,55521,52025,52025,7179,59619,52025,55521,55521,41838,488,24358,18269,56123,28456,56725,1090,1090,56725,24358,48529,45033,41838,60522,60522,56725,56725,56725,56725,55521,52025,488,24659,55521,56725,7179,55521,24659,62212,41838,48529,56725,1090,56725,17667,24659,10675,41838,18570,789,55521,24659,62212,41838,48529,3683,18570,49131}},{8,545,57170,{58703,18077,11306,15786,52034,15786,11306,27037,24848,36099,11612,20572,20572,20572,20572,15786,58703,18077,11306,15786,20572,18077,2244,11306,36099,20572,20470,20572,29328,15786,11306,27037,24848,36099,2448,40783,2244,11306,36099,11306,18077,42870}},{124,554,49422,{30994,20103,18239,2456,20103,18239,52019,50330,29305,39439,30994,20103,56911,49398,48641,29305,20103,29305,62910,53708,30994,20103,15793,46952,46952,30994,46952,61978,57843,29305,32683,53708,21617,5659}},{176,362,17289,{21482,48105,48105,48105,48105,56685,15642,48772,10613,56685,48105,1961,15642,26439,48105,44482,48105,48772,45888,10613,40120,20004,38714,21410,12758,46627,32207,50917,15642,12758,4178,56018,21482,21482,48105,48105,48105,48105,56685,15642,48772,10613,56685,48105,43743,26439}},{480,883,1203,{971,64967,29456,50316,24881,59575,39532,33323,971,64967,14097,15622,26406,971,59466,51024,59466,41057,51841,30273,971,56416,54891,971,39532,33323,971,64967,14097,15622,26406,971,23247,34031,7888,19489,971,64967,29456,50316,24881,59575}},{328,869,29975,{37575,50030,25367,18475,56675,63567,6267,25367,40727,42056,8090,21627,21627,21627,21627,26696,55346,6267,52688,26696,21627,59580,704,25367,25367,45796,50030,25367,18475,56675,63567,6267,25367,21627,36493,21627,44467,52688,36246,25367,7843,951,25367,37575}},{356,188,20157,{18559,33791,52072,62737,44456,61219,33791,18572,35335,4845,49023,33791,33791,41407,18559,33791,52072,62737,44456,61219,33791,35335,4858,36866,62763,62763,62763,62763,3314,27693,61219,23126,3314,62763,44456,38358,41420,23126,41407,61219,33791,3314,3314,33791,47505}},{127,516,57372,{42958,52518,42958,27625,14680,43159,61282,25036,51521,51521,43159,50926,19858,14680,43159,42958,27625,939,48337,19858,63871,35392,50926,48337,42958,19858,58693,25036,14680,63871,25036,31010,50926,63871,35392,27625,35392,19858,14680,63871,35392}},{37,130,51962,{22309,19226,65500,37724,3811,37724,13060,57000,4589,57000,50056,37724,12311,40836,47751,22309,53917,53139,4589,57000,50056,37724,3062,38531,40836,40836,40836,40836,13060,22309,50834,44668,13060,40836,34641,50834,31558,57000,57000,19226,30031,40807,3811,40836,64722,40836,36197,19226,34641,37724,44668,19226,50834,57000}},{370,70,60264,{36801,18492,24138,12846,40565,44329,35430,47233,37823,24138,24138,18492,42958,35941,43469,44329,61778,59385,1903,1903,1903,1903,59036,47233,37823,24138,24138,18492}},{37,27,2867,{41539,7533,50589,197,16423,13772,36237,64941,50429,11898,50429,43253,55891,7533,14709,11121,29061,36237,16423,29061,11121,50589,61353,58702,41539,7533,50589,43253,63844,50429,50429,50429,50429,14709,6596,18297,64941,64941,32649,41539,7533}},{23,594,52680,{30944,62360,3212,37516,14514,37516,12871,8141,22729,1569,19443,44088,7942,22729,19841,37715,19841,35873,44088,26015,14514,37516,55987,19841,19841,19841,19841,14514,40802,16157,37516,37516,22729,21285,11228,30944,62360,6498,44088,16157,37516,22729,12871,19841,37715,19841,19443,26015,44088,4656,37516,16157,42644,60518,44088,30944,12871,22928,21086,16157,27857,32587,30944,26015,39159,6697,16555,6498,26015,44088,4656,37516,16157,21285,11228}},{188,459,17065,{22077,34540,1935,43367,43367,62576,62576,62576,62576,45544,3490,40664,3179,45544,62576,64131,26957,3179,31526,12628,62576,49180,62576,12006,17508,12939,64442,3179,17508,40664,12628,62887,17508,12628,22388,15953,34540,54060,26957,3179,31526,12628,34540,1935,43367,62576,62576,62576,62576,64131,26957,3179,31526,12628,62887}},{485,292,28305,{17117,53212,60256,16867,61506,46543,61506,2529,61006,53212,24036,61256,24911,16742,16867,16617,3154,10323,39499,61506,61256,17492,10323,39499,61506,10323,39499,61506,32080,39374,61381,25411,61506,61506,61506,61506,9573,53087,46043,24036,16867,24911,38999,9448,45793,53212,38499,53212,9448,16742,61506,46543,61506,2529,61006,53212,24036,61256,24911,16742,16867,16617}},{118,609,48410,{53175,32306,51180,57165,64069,49185,51180,57165,49185,51180,57165,15427,49185,36296,35377,57165,57165,57165,57165,55013,49028,8366,2381,6371,17422,7447,8366,40129,36139,38134,49028,34144,63912,51023,23250,56089}},{139,500,35362,{56820,26194,56820,21925,33989,14747,26874,14747,22605,56820,26194,56820,21925,33989,4786,30463,21925,56820,58243,44693,19759,56077,9055,1940,3363,6209,14747,1940}},{121,840,54164,{32342,32492,32942,32267,32342,65365,33767,32942,32942,32942,32942,30317,29867,63265,62815,63115,32417,31667,62740,29867,30392,63115,29867,63790,62965,29567,63115,31142,62965,29642,63115,30092,32942,64615,32942,32342,33767,32942,32942,32942,32942,30317,29867,63265,62815,63115,32417,64390,30092,62965,29942,62590,31592,63115}},{61,278,3675,{34239,17676,60697,24968,6426,40176,24968,22989,34239,50695,52050,50695,22989,45489,11739,60697,36111,50695,50695,50695,50695,49447,45489,40176,36218,60697,24237,34863,40176,45489,60697,24968,22989,50695,52050,50695,34239,17676,45489,60697,60697,24968,5071,11739,15697,36111,36111,50695,50695,50695,50695,47468,13718,17676,40176,47468,50695,17676,13718,45489,24968,60697,45489,50695,52050,50695,48092,24968,34239,22989,40176}},{404,633,62152,{43501,25667,34866,11217,43501,34866,52136,49141,21544,26795,37122,9525,15340,61899,43501,34866,61899,21544,20980,42198,12345,12345,12345,12345,25667,15340,61899,43501,34866,61899,11217,9525,15340,61899,43501,34866,61899,45757,16468,63027,53264,42937,33738,12345,47449,12345,26795,46885,53264,6141}},{8,331,62024,{57491,1207,13217,54718,21817,47542,1919,61613,7746,49603,40010,61613,61613,61613,61613,23166,28993,46830,1207,13217,46830,57491,19400,33115,46830,13217,1207,36881,61613,15634,61613,41003,46830,33115,38942,13217,40010,40010,61613,61613,61613,61613,11156,28993,23166,33115,11156,61613,9095,36881,46830,28993,48891,13217,61613,15634}},{178,646,64772,{2539,12249,49777,47765,8050,41904,49777,27995,14086,36218,49777,14086,19947,12424,54151,59837,12249,8225,8050,21959,10062,37880,14086,54151,38230,24496,2539,2539,2539,2539,47765,8050,21959,10062,37880,14086,36218,53976,10062,63686,10062,21959,2539,30182,2539,53976,10062,63686,10062,21959,34206,36218,39892,21959,10062,23971,47940,26158,28170,12424,8400,20297,20297,50127,2539,46103,22309,50127,2539,46103,22309,38230}},{412,814,23047,{32051,59454,59454,59454,59454,4992,50911,24594,17879,30766,17336,47110,22965,24051,4449,56540,30766,37481,17336,4992,4992,59454,15164,59454,53825,47110,40938}},{303,262,49573,{28043,59193,59193,59193,59193,39715,29218,50212,16182,58170,55631,43277,13984,32098,50212,55631,26679,29218,59193,16864,59193,45134,50212,32098,37176,55631,28043,28043,59193,59193,59193,59193,47673,16182,11104,32098,47673,59193,34637,50212,32098,607,13643,55631,26679,29218,59193,16864,59193}},{478,467,13483,{39709,39121,23104,46109,2140,39121,48150,28639,8263,39121,28639,49603,1275,59808,53685,39709,59220,99,2140,5634,55138,28639,39121,46109,59808,24280,31856,13798,13798,13798,13798,9128,99,2140,5634,55138,28639,39121,46109,8263,32721,62126,58632,62126,99,13798,25733,13798,32721,62126,58632,62126}},{95,823,52413,{55024,10202,44682,23988,17090,44682,61922,48131,44682,41248,61922,44682,13641,51595,6743,37809,65391,65391,65391,65391,65391,65391,65391,65391,37794,27437,65371,27437,55024,10202,44682,23988,17090,44682,61922,48131,44682,23998,44682,10192,58473,27437,37784,61922,51575,41248}},{450,105,47146,{25553,5303,45803,64616,17095,8095,46616,59845,27803,21053,27803,34553,23845,12595,7553,34553,27803,23303,28074,3324,57595,64616,21595,28345,28345,8095,46616,21595,28345,28345,8095,46616,21595,28345,28345,1345,1345,8095,62637,46616,46616,46616,46616,46616,46616,46616,46616,59845,27803,21053,27803,34553,30324}},{315,884,39040,{58141,50065,47373,58141,52084,59487,58141,10118,58141,44681,50738,51411,55449,52084,48046,29635,52084,58141,46027,33673,27616,30981,39057,15502,51411,53430,51411,49392,26270,29635,57468,49392,51411,52757,5407,12810,16175,33673,27616,24924,28289,30981,39057,27616,24924,28289,30981,39057,27616,24924,28289,33000,33000,53863,39057,39057,39057,39057,41989,33000,53863,39057,39057,39057,39057,56795,49392,60833,58814,55449,58141,52084,48046}},{17,815,7180,{46913,23424,44440,65456,6989,37386,13970,14189,53894,14189,46767,65456,44440,63129,6989,56367,56367,14189,14189,14189,14189,23351,11643,58475,44440,23351,14189,13970,35059,13970,23351,6989,14189,53894,14189,7062,37386,39713,13970,44440,37386,58475,6989,46913,37386,6989}},{20,25,57522,{7777,41287,54614,30917,47758,16476,47201,26846,12962,21661,47758,43130,54614,49986,42401,37216,37216,37216,37216,47201,17033,47201,43130,47758,27960,22218,17033,33874,47758,37216}},{103,431,39967,{4349,2767,23733,31843,18046,43117,17305,57755,244,58496,7513,52909,60178,12459,2767,35107,17305,37530,12459,2767,37530,12459,2767,17305,19728,10036,28679,2767,2767}},{97,160,39302,{35930,35930,55702,72,55702,56939,33451,17385,28508,48285,14906,72,55702,72,48285,7489,35930,39636,35930,35925,63124,72,32214,49527,17385,7489}},{215,284,21155,{42631,38998,342,42408,21375,23797,31286,42408,21375,23797,42408,21375,23797,52319,54741,6397,23797,23797,23797,23797,6843,63664,6843,30298,42631,64652,38775,21598,64875,41420,20387,29087,62453,61242,8054,53753,35142,29087,21598,8054,17965,51331,21598,29087,42631,8054,64875,16754,23797,28864,23797,31286}},{443,444,21665,{42045,5672,5672,5672,5672,33574,19000,33574,52757,61352,54003,44785,61352,56743,33574,5672,26225,5672,33574,19000,33574,52757,61352,44785,61352,56743,33574,57989,22986,10405,10405,61352,54750,52010,41422,42045,5672,5672,5672,5672,33574,19000,33574,52757,61352,54003,44785,61352,56743,33574,28218,20993,52757,20993,54750,1063,5672,26225,5672,28218,20993,52757,20993,54750,1063,54003,50764,54750,20993,42169,440,51387,38806}},{318,284,51563,{47513,58272,15635,15635,12504,52010,23263,43016,12504,52010,23263,43016,55141,15236,52010,52010,52010,52010,37552,19165,37552,42049,54174,27760,14269,64933,57305,37552}},{320,877,44500,{16768,21113,16768,31349,51048,27244,17008,34681,65389,19567,51048,58725,34681,33908,19567,58725,43371,1654,17008,60271,19567,48489,38253,54140,16768,16768,16768,16768,58725,11890,58725,48489,6772,34681,17781,6772,63843,58725,49262,11890,881,6772,16768,21113,16768,5759,8318,54140,16768,16768,16768,16768,58725,11890,58725,48489,6772,34681,17781,6772}},{498,528,2161,{13081,27968,1135,4834,57742,52527,27210,17538,37640,1893,17538,27968,12990,19721,12990,55468,17538,7866,37640,59167,16022,1893,13081,27968,1135,4834,57742,52527,27210,17538}},{367,39,21,{62775,22214,59655,40935,62772,34693,22214,19094,40935,44050,40931,40931,40931,40931,40935,9734,40935,374,22214,62772,22213,34694,47175,22214,59655,40935,40931,15972,40931,19094,47175,34694,62775,22214,44050,44050,40931,40931,40931,40931,374,56535,28454,34694,374,40931,40935,22214,28455,40935,40931,15972,40931,44053,59655,44055,40935,34694,59655,28454,22214,62772,59655,22214,31575,15971,34691,9733,22214}},{356,310,31560,{54770,7942,63830,47593,59300,28900,45328,30783,47211,11899,7369,7369,7369,7369,7942,28900,54770,7942,40225,14737,10207,12663,28900,7369,19267,7369,38151,35695,10207,57035,21532,40225,3221,28900,43063,35504,9825,16811,7369,28518,21532,63639,16811,7369,63639}},{72,210,2146,{52953,927,50541,4774,7186,36588,927,927,927,927,37504,5232,54846,37504,61624,12468,48587,408,22574,37504,22574,48587,11491,927,28375,927,1385,25963,22574,39916,13445,61624}},{369,292,54478,{30148,46595,13701,19747,41528,63398,63487,3300,41528,63398,63487,41528,63398,63487,30593,63309,47040,52730,63487,63487,63487,63487,62864,46595,40994,62864,52463,8634,2944,57530,13790,35660,8278,57441,24636,30148,19302,41261,8278,2944,30148,35571,19213,2944,8278,46595,30148,57530,2766,63487,3211,63487,3300,52730,63487,63487,63487,63487,62864}},{325,358,36589,{42862,46764,49391,62603,4886,42862,46764,49391,39037,3611,39037,28452,3534,59899,29727,4886,42862,46764,49391,20725,39037,39037,39037,39037,49391,42862,46764,49391,62603,4886,42862,46764,49391,32431,3534,54645,3534,17944,42939,39037,3611,39037}},{49,33,47003,{47617,34476,48774,34476,20178,58352,16661,11849,20178,34476,44008,41648,28553,52383,45257,63118,58352,7129,26193,17864,63118,58352,7129,26193,17864,63118,58352,7129,40491,57195,17864,17864,17864,17864,10646,16615,57103,10646,16661,33319,34476,39242,10646,17864,10692,17864,38085,39242,5880,44008,16661,33319,34476,39242,10646,16661,28553,34476,10646,2317,35679,44008}},{212,19,59423,{39011,57148,57148,57148,57148,43008,45533,64175,43008,32951,4714,45533,64175,43008,48563,1179,41998,45533,57148,30426,57148,32446,32446,39011,57148,57148,57148,57148,43008,45533,64175,43008,32951,4714,45533,64175,43008,4209,65185,24366,21841,21841,45533,23861,57148,30426,57148,43008,65185,64680,45533,39011,57148,57148,57148,57148,43008,45533,64175,43008,32951,4714,45533,64175,43008,25881,51593,674,1179,23356,44018,22346,45533,44018}},{210,75,3654,{28416,54775,54255,54775,11184,44339,14842,57913,61302,4137,35463,39641,28416,15362,65480,5966,46688,8315,44339,57913,35463,44339,28416,61302,47208,35463,21889,28416,25798,54775,54775,54775,54775,28416,35463,39641,28416,61302,4137,35463,39641,28416,1788,65480,5966,46688,8315,44339,57913,35463,44339,28416,54775,54255,54775,11184,44339,14842,57913,61302,4137,35463,39641,28416,1788,65480,5966,46688,8315,44339,57913}},{216,499,22461,{31957,11794,63873,2293,26362,31394,50994,17424,55498,55498,55498,55498,63873,31957,11231,63873,2293,13483,19078,24673,31957,11794,63873,55498,34209,55498,51557,24673,19078,57715,31957,17424,17424,55498,55498,55498,55498,38115,31394,58278,19078,38115,55498,50994,24673,31394,5636,24673,31957,44273,44273,1167,19078,24673}},{57,229,61861,{39101,28879,39101,49502,9348,23401,52420,25227,9348,17744,10261,52241,9348,10261,8435,9169,31618,27966,59903,25227,45850,10261,31618,38188,55893,39101,39101,39101,39101,1865,59903,38367,2778,59903,10261,23401,23401,42932,25227,59903,52241,12087,60816,29971,10261,39101,28879,39101,4604,35449,60816,45850,37275,52241,9348,10261,8435,9169,8256,59724,39101,44758,59724,39101,44758,59724,39101}},{37,377,37523,{62043,47735,55797,47962,47962,47962,47962,31384,60454,16849,31611,60454,2541,9468,9468,17984,9922,60454,54889,24911,16849,9468,60681,24003}},{275,90,54336,{60641,35282,6748,8810,50044,8810,14129,53219,60641,43735,63775,15160,6748,12026,1470,40519,6707,23613,8810,6707,23613,8810,35241,23613,8810,52147,26788,3532,36272,8810,8810,8810,8810,63816,55363,35282,3573,55363,12026,18376,18376,61672,28932,55363,15160,61672,28932,20479,52188,3573,55363,35282,9923,6748,49013,24685,35282,15201,35282,55363,26788,8810,50044,8810,24685}},{98,56,31700,{61016,10879,61016,45632,41091,1210,41647,45632,61016,5751,13165,4052,29692,31978,46219,30835,30835,11466,7481,25707,56475,11466,7481,25707,56475,26850,54776,7481,7481,7481,7481,55888,45632,61016,36519,45632,46775,40504,40504,29692,1766,45632,1210,29692,61016,45632,51903,46775,45632,8037,26263,4608,46775,23421,26263,14864,46775,10879,7481,55332,7481,56475,54776,7481,7481,7481,7481,55888,45632,61016,36519,45632}},{435,713,16645,{43995,35890,35890,31497,65031,41149,5635,23392,65031,41149,43995,62185,30631,13740,57792,13740,38736,41149,65031,1923,43995,63917,63917,13740,13740,13740,13740,2356,14854,43995,43995,62185,7615,43995,41149,20113,22959,54513,43995,8048,26238,41149,43995,65031,30631,43995,37189}},{173,334,14921,{46162,32400,40976,27214,58229,25317,39079,1284,37586,58229,58229,15147,2979,15147,46162,3080,1183,15147,58229,37586,8064,42570,1183,59823,25317,39079,51247,15147}},{210,786,62154,{60282,63668,41192,15077,3226,28368,65361,14104,33447,41912,44325,58589,47711,1533,41192,32727,3226,35140,31754,9278,14357,15077,14104,60282,63668,41192,15077,3226,28368,65361,14104,33447,64641,65361,12411,1533,35140,44325,65361,30061,14104,41192,43605,60282,44325,26928,9278,14357,24982,56429,14357,14357,14357,14357,14357,14357,14357,14357,59562,30061,28368,65361,44325,65361,30061,14104,14357,18463,14357,8305,64641,65361,63668,39499}},{58,122,41627,{51424,5471,51860,24603,16829,35961,18052,14383,34738,3812,19275,19275,18052,14383,19275,18052,14383,52647,19275,33515,40417,14383,14383,14383,14383,59198,33515,55093,29059,37620,50637,57975,16829,33515,40417,40417}},{296,591,5774,{11882,11882,11882,11882,56705,65454,27258,27258,46356,54583,27258,54844,63332,35746,23014,27258,1533,20631,54844,27258,18770,59088,27258,28858,50600,54844,48478,31502,54844,27258,56966,56966,18509,18770,54844,37346,11882,56705,65454,27258,27258,46356,33363,46356,29380,48478,41590,46356,27258,65454,28858,56444,37346,11882,24875,46356,61210,44234}},{453,452,15101,{25063,3833,52055,26894,19032,22963,43668,27944,14576,18507,47599,2783,25063,48649,19032,22963,2783,52055,39212,21132,49699,952,59392,9864,952,952,952,952,952,952,952,952,27944,19032,6189,2783,952,36856,952,3308,16151,19032,35281,41312,25063,22963,2783,43143,33450,427,49699}},{223,396,26994,{46195,52200,1558,46195,52200,1558,46195,57421,61858,29748,46195,46195,46195,46195,11483,61858,47763,64210,25578,50115,26362,16437,61858,29748,29748,46195,46195,46195,46195,61341,50115,15920,45678,26879,55336,35236,25578,50115,26362,16437,17221,1558,46195,15136,41241,50899,9915,61341,20357,30799,50899,16437,61858,29748,46195,46195,46195,46195,46195}},{267,69,55330,{39415,39415,39415,54601,15543,40733,23091,54601,39415,40733,54601,15543,50827,58375,39460,20590,58375,58375,6722,39415,33140,39415,39460,20590,58375,58375,6722,30639,58375,42006,11769,28138,40733,58375,6677,20545,42006,58375,23091,59648,58375,44462,1675,42006,23091,63422,58375,14225,39415,39460,20590,58375,58375}},{252,504,35203,{60435,29170,60435,53675,61280,6355,60435,52830,2519,1285,8045,6355,10580,4665,60046,25790,60435,829,59590,6355,25790,49450,64660,56210,60435,54520,37620,65505,4209,58745,52830,6355,35930,829,49450,51985,4665,60046,25790,60435,829,59590}},{179,767,16595,{14065,7124,21464,58763,16201,37482,33897,15972,16201,2090,51593,3768,49915,16201,28634,37482,14065,37253,37482,58305,31761,6895,53500,4988,6895,6895,6895,6895,6895,6895,6895,6895,6895,6895,6895,6895,40838,28634,58763,16201,49915,16201,28634,37482,6895,12387}},{473,540,4502,{30221,56345,9642,30352,64466,52692,18578,40234,61759,18709,32928,11403,1521,30221,28460,35635,1521,30221,35635,1521,30221,52692,35635,8696,39157,30221,30221,30221,30221,30221,30221,30221,30221,4359,8696,39157,30221,30221,30221,30221,30221,30221,30221,30221,44702,23177,16002,50116,61759,15056,18709,61759,61759,40234,55399,46463,23177,27645,35766,32928,8696,39157,30221,30221}},{30,195,54464,{56212,56212,56212,56212,56212,56212,52301,7769,58446,38654,42405,61000,18862,42405,42405,63394,52461,14074,58446,2821,53498,7769,42405,33706,42405,47353,58606,14074,58446,63394,63394,42405,52301,33706,16628,37457,28758,63394,52301,33706,22613,58446,63394,16628,11680,34026,56212,56212,56212,56212,56212,56212,56212,56212,56212,56212,56212,56212,38654,52301,43602,42405,42405,63394,59803,28758,22613,58606,9126,42405,38654,33706,43602,58446,8966}},{85,212,50410,{45977,38879,62354,37240,37240,37240,37240,37240,37240,37240,37240,6125,7764,13223,38879,62354,37240,37240,37240,37240,6125,7764,13223,38879,62354,6125,7764,13223,62354,62354,21960,666,20321,34517,21960,37240,14862,34517,59089,38337,34517,14862,6125,37795,37240,27961,37240,46532,23044,45435,34517,59089,40518,23044,17585}},{344,353,12869,{42073,33270,7808,50820,17558,8,33270,54776,42073,33270,7808,50820,17558,56726,33270,54776,42073,33270,7808,50820,17558,19564,33270,54776,42073,33270,7808}},{316,539,2984,{1458,16938,21571,1963,12283,65420,1963,46339,1458,16938,22603,1963,12283,65420,1963,46339,1458,16938,23635,1963,12283,65420,1963,46339,1458,16938,24667,1963,12283,65420,1963,46339,1458,16938,25699,1963,12283,65420}},{207,736,11441,{8700,2452,52877,41555,62899,11237,8700,57951,13711,13711,31470,55414,25159,52877,31470,36418,49103,37781,3752,25159,51640,7526,55414,3752,36418,35244,62962,51640,33944,55414,31470,11300,62962,13837,56588,42729,13711,36418,36418,36418,36418,49103,55414,13837,36418,15074,1152,36418,17611,52877,41555,54114,52877,17611,62962,36418,7526,3752,36418,7526,41555,52877,7526,13837,65499,56588}},{279,97,57545,{63812,34666,38338,43119,34666,63812,22541,12864,7853,18754,9192,24989,52681,18754,18754,18754,18754,18754,18754,18754,18754,50463,24989,61364,34666,50463,18754,63812}},{96,517,6506,{9321,30782,25525,49544,25525,32061,11879,3067,1788,21970,30782,9321,47127,19412,58356,23108,29503,58497,509,23108,29503,3067,21970,40873,31920,10600,29503,20691,509,45707,39594,9321,30782,43290,9321,39594,19412,64610,2785,25525,25525,25525,25525,25525,25525,25525,25525}},{235,114,54949,{33200,43519,44052,63122,38877,52803,44052,38877,37842,28558,44052,63122,38877,52803,41982,706,33200,37842,28558,706,33200,2243,42484,17204,11025,58480,33200,22881,28558,38375,59013,61585,53838}},{476,28,4287,{13406,58829,40886,3869,39755,3869,16585,65187,583,31242,38624,13406,45089,3869,62008,63949,38624,38624,38624,38624,38624,38624,38624,38624,38624,38624,38624,38624,51447,3869,13406,27146,51447,62008,38624,48268,14430,23967,34421}},{491,443,44343,{64397,4185,39600,51372,55329,19914,12000,19914,46162,64496,57736,34192,34192,34192,34192,34192,34192,34192,34192,19914,57934,44810,57736,34192,34192,34192,34192,19914,57934,44810,57736,34192,34192,34192,34192,23871,19914,39600,14704,23871,57934,34192,57934,51372,42205,57736,19914,57934,44810,57736,57736,42205,33038,4185,53977}},{10,377,33346,{18867,62790,43878,2193,43878,17692,43878,45053,18867,8068,59377,18867,20042,11705,34366,62790,17580,62790,60552,11705,17692,8068,59377,18867,20042,11705,34366,61615,53278,49641,43878,3368,62790,43878,2193,43878,17692,43878,45053,18867,8068,59377,18867,20042,11705,34366,62790,17692,52215,11705,2193,49641,62790,62790,62790,62790,28379,34366,11705,45053,17692,11705,6893}},{284,561,17136,{28548,9258,51696,63270,51696,9323,17039,9258,51696,28548,32406,40382,63530,1672,1607,40122,1607,24690,28548,16974,9258,5725,9453,9323,9258,51696,1542,1607,63530,24950,5725,63530,1672,5725,9258,28548,5725,9323,17039,32406,9323,1607,40122,17234,5725,1737,55554,17039,32406,59412,1607,5725,9258,55554,1607,5725,13116,9323,16974,51696,24690,9258,5725,1542}},{82,375,10803,{38850,26920,13965,38850,11169,61964,59168,3527,37079,44442,3527,61964,44442,44442,16761,3527,49009,44442,61964,61964,59168,49009,37079,9119,13686,16482,22820,59168,61964,64760,59168,22820,3527,3527,3527,3527,13965,31487,3527,6602,44442,37079,3527,61964,44442,44442,16761,17507,44442}},{74,608,20107,{40243,40243,13770,53007,14337,64826,65015,65204,24266,14337,53196,13770,1006,62747,24266,24266,24266,24266,24266,24266,24266,24266,53007,53574,13770,26723,14337,13770,39109,14148,14337,817,26912,817}},{478,543,35878,{226,27170,33286,50436,35125,48597,8822,24133,11260,60230,60230,35125,60230,24133,20455,51077,24133,21054,35125,51077,34526,27170,21653,51077,38204,19814,60230,60230,38803,48597,33286,10020,31447,51077}},{458,388,50191,{14199,13310,38514,10643,37625,12421,42647,9442,39091,20110,10331,10331,10331,10331,12421,42070,6198,12421,20110,10331,10331,10331,10331,10331,10331,10331,10331,13310,39403,12421,14199,38514,12421,55405,7976,38514,10643,44737,10643,13310,14199,38514,10643,7976,41181,6775,9442,52738,12421,42070,12421,40292,7976,39403,38514,10331,28423,13310,38514,10643,37625,12421,9442,4997,10331,9442}},{201,544,39746,{38995,20400,5524,17830,5524,28987,9243,42986,43863,59888,21549,42986,63607,20400,25268,16953,16953,16953,42986,11813,42986,17830,59888,42986,16681,20400,28987,16681,12962,32706,16953,42986,10664,40144,20400,28987,9243,12962,42986,17830,40144,12962,42986,52450,16681,21549,5524,25268,17830,42986,14111,20400,21549,5524,20400,51301,32706,12962,42986,17830,59888}},{309,157,9990,{25632,49335,52857,52857,54031,25632,38769,52857,49335,49335,41117,38769,58727,42068,27980,36198,65325,25632,25632,25632,25632,41117,51683,39943,65325,41117,51683,39943}},{95,716,28015,{41571,41571,6377,57449,49724,15676,6377,22973,49724,15676,40425,49724,18251,6377,29124,57449,40425,40425,18251,49724,11527,20826,57449,40425,41571,49724}},{416,270,52735,{19361,56631,35175,50989,40817,44235,64538,56631,56631,50989,35175,38552,17096,64538,56631,29574,62314,29574,55519,30645,50989,22738,26156,56631,6924,46459,38552}},{339,592,31300,{4578,54487,65052,17902,7337,12541,54487,14829,56932,46681,23106,62450,41477,41163,54487,30912,36116,46681,4421,62136,2133,46681,46681,54487,12541,41477,20033,9939,62450,46681,12541,41477,7337,2133,46681,20033,7337,46681,23106,62450,41477,38404,48812,30912,36116,25708,54487,7180,65052,2133,12541,54487,20504,20504,54487,33514,41006,46053,48812,48812,48812,48812,7337,9939,48812,30912,36116,25708,54487,7180,65052,2133,12541,54487}},{140,425,56274,{3123,3123,46969,59461,57144,56152,9493,46969,62,57144,15615,46969,56152,43660,15615,62,57144,46969,62,59461,4363,57144,57144,57144,57144,62522,34477,57144,62522,62,40599,43660}},{301,573,32176,{44186,38301,36059,47605,21206,7306,1645,52201,47605,37124,34882,34882,37124,63635,6241,39590,10837,38301,36059,47605,21206,7306,1645,52201,47605,38301,60216,37124,44186,33817,47605,6241,7194,37124,37124,37124,37124,37124,37124,37124,37124,29221}},{170,568,1447,{25754,261,8004,57224,60937,48349,4291,4291,48349,54643,23988,38025,23988,19460,32048,13166,48349,31414,23988,23988,23988,23988,23988,23988,23988,23988,60937,8004,57224,60937,48349,4291,261,50930,57224,57224,48349,60937,19460,23173,50930,57224,56907,59488,23173,25754,60937,50930,57224,57224,48349,60937,19460,39157,32863,31414,23988,23988,23988,23988,48349,57224,54643,31414}},{451,124,38286,{21321,35260,5212,37596,62385,62385,3042,51369,54624,22406,3042,23657,37430,16981,35260,54624,872,20236,51369,35260,23657,50284,21321,872,16981,1957,30001,58964,10637,21487,37430,51369,3042,5212,21321,34175,37596,62385,23657,23657,23657,23657,20236,37430,23657,37430,51369,3042,5212,21321,34175,49365,62219,21321,872,31086,872,872,34175,20236,38515}},{328,696,56583,{37780,60219,3678,62037,108,995,14454,16250,18046,41372,63811,44964,60219,41372,39576,44964,63811,24321,25230,48556,60219,44964,15341,3678,108}},{454,219,42258,{7577,44375,28532,12075,24341,53064,44375,14869,24341,28532,2603,14869,53064,44375,24341,53064,50270,25124,44375,44375,44375,44375,63933,27135,39401,50270,24341,14869,25431,32416,24341,28532,40491,28532,28532,14869,51667,36607,2603,28532,24341,33506,58038,2296,32416,44682,56948,27135,53064}},{215,353,16469,{10925,20338,63711,24583,10925,33073,15170,30304,23660,20338,10925,16093,19415,63341,42116,2065,20338,24583,50976,19415,15723,48760,2065,2065,2065,2065,48760,2065,2065,2065,2065,37318,63711,23660}},{432,696,11291,{19634,5028,64247,64630,7001,50024,50024,44105,64630,53970,3055,7001,50024,31472,64247,61479,64247,14893,59889,27938,64247,64247,64247,64247,27938,64247,64247,64247,64247,5028,7001,64630,19634,5028,64247,1082,10947,50024,64630,53970,3055,7001,50024,64247,19634,21607,21607,44900,32267,30294}},{131,557,52704,{1000,36544,29198,21852,33487,8985,29198,32255,55525,12635,45076,38962,38962,38962,38962,38962,38962,38962,38962,36544,1639,38962,29198,40833,33487,38962,36544,29198,21852,33487,8985,29198,32255,55525,13867,57350,21852,29791,1000,62232,41426,8985,21852,55525,7753,8985,10217,33487,62232,12635,38962,8985}},{239,244,36768,{17913,58133,4024,17913,13891,59302,4024,38023,17913,63324,59302,4678,17913,62155,54111,30494,35685,63324,2340,37369,61501,19597,13891,58133,54111,25957,61501,33347,4024,59302,42045,54111,17913,4024,1825,54111,59302,55280,1825,17913,4024,54111,17913,58133,26987,4024,4024,4024,4024,4024,4024,4024,4024,38023,50089,4024,38023,17913,63324,59302,4678,17913,62155,54111,30494,47751}},{427,411,7464,{28974,32933,25015,1261,28974,22996,36892,50788,25094,15078,28974,5141,25015,43028,25173,5220,38911,54747,52886,50867,9179,25173,56924,62902,50788,15078,38911,32933,62902}},{393,226,37876,{46740,31671,28898,19977,46740,16903,57531,31671,16903,40592,57230,57531,57531,57531,57531,57531,57531,57531,57531,57230,57531,57531,57531,57531,57531,57531,57531,57531,34745,7982,49513,1834,34745,57531,4908,61508,13829,4908,34745,61508,13829,4908,28898,57531,60906,57531,19375,16903,37819,28898,1834,16903,49513,31671}},{332,278,23582,{53539,47871,44573,51169,29500,5461,26666,60599,52586,23832,39858,60599,52586,23832,6389,5461,746,40347,62969,62969,62969,62969,62969,62969,62969,62969,23832,60599,52586,23832,39858,60599,52586,23832,6389,53539,50705,28547,11104,44573,62969,15355,62969,5461,5925,44573,59182,47407,37977,58718,5461,40347,62969,62969,62969,62969,62969,62969,62969,62969,23832,60599,52586,23832,39858,60599,52586,23832,6389,53539,18653}},{65,185,55131,{46163,18624,18624,45545,56606,18624,56606,29067,17388,35102,17388,45545,56606,18624,56606,29067,17697,41755,8181,29067,56606,53125,38892,52507,11044,31312,48717,21178,21178,38274,17388,45236,38274,17388,45236,292}},{432,813,6747,{60612,15329,15329,15329,15329,15329,15329,15329,15329,10085,64613,21078,10085,31634,64613,21078,10085,9211,57990,22826,63739,9211,31634,64613,9648,43064,23700,64176,31634,64176,31197,15329,24137,15329,23700,64176,31634,64176,31197,3025,57990,32071,31197,64176,20641,55368,45249,34693}},{462,342,51616,{37673,62317,56606,56606,8218,31062,62317,56606,56606,8218,31062,62317,56606,56606,13929,29262,31062,31062,31062,31062,31062,31062,31062,31062,25040}},{300,503,10805,{58799,14423,36611,59842,58799,14423,36611,40783,60127,2950,58799,59842,59842,51498,61928,12337,38697,18595,17552,12337,61928,35568,38697,56713,20681,11579,65342,11579,38982,60127,18880,47611,11579,11579,11579,11579,11579,11579,11579,11579,36611,58799,14423,36611,59842,58799,14423,36611,40783,60127,23052,13380,60885,61928,38697,35568,35568,11579,65342,11579}},{228,289,24636,{39297,34305,29313,54523,34180,34305,19079,3978,3103,33555,33555,33555,33555,33555,33555,33555,33555,14087,39297,54398,14087,49406,39297,54398,14087,54523,58890,64257,34180,4103,3978,34305,54523,33555,43914,33555,39297,34305,29313,54523,34180,34305,19079,3978,3103,33555,33555,33555,33555,3978,34305,44289,3103,33555,33555,33555,33555,3103,33555}},{237,826,3535,{62181,62181,62181,38827,13360,4871,62181,14954,28225,62181,47316,55008,30338,21849,22646,62181,30338,38030,62181,30338,54211,31135,30338,4871,45722,61384,38827,13360,21849,22646,63497,4871,10450,17345,63497,21052,50504,55008,30338,21849,22646,4871,63497,38030,61384,36714,36714,62181,22646,13360,15232,62181,62181,62181,62181,62181,62181,62181,62181}},{437,131,3325,{48361,59337,59337,55120,18980,8004,36380,33838,30291,55790,1245,59337,61879,57662,28951,28951,28951,28951,19315,52243,59337,57662,28951,28951,28951,28951,57662,28951,28951,28951,28951,1245,12221,33838,48361,1245,28951,33838,30291,55790,1245,59337,18645,59337,59337,19315,59337,4122,12221,52243,52243,28951}},{170,714,40038,{61212,15219,11010,20765,61194,59803,2646,45857,1273,45875,27738,36102,61194,59803,29147,59803,59803,2646,59803,36120,45875,20765,12401,12401,2646,51439,62585,16610,11010,5428,12401,51439,62585,36102,20765,12401}},{251,719,19453,{57840,28995,4340,64930,50137,24064,52909,9207,31767,31767,31767,31767,31767,31767,31767,31767,38857,24064,24064,45883,42370,57163,57840,28995,4340,64930,50137,24064,52909,9207,31767,31767,31767,31767,19133,40275,24064,52909}},{264,134,30334,{54579,54687,54687,54687,54687,37230,1398,55011,1452,19287,19017,37176,43157,49138,19287,61046,37230,24944,43103,31249,43157,43157,19287,43103,37230,37176,31249,43157,49138,42833,54687,43103,49084,37176,1452,31195,54849,31195,31195,19287,31195,31033,31249,43157,43157,13036,54579,54687,54687,54687,54687,54579,54687,54687,54687,54687,1452,31249,43103,1398,1452,54687,1398,43157,43103,19287}},{134,606,26746,{35114,26802,43426,50763,40964,2841,11153,11153,56101,4279,4279,4279,4279,53688,11153,37064,20440,35114,26802,43426,50763,40964,2841,11153,11153,4279,25315,4279,12128,2841,27777,28752,20440,43426,18953,57588,11153,37064,20440,35114,26802,43426,50763,40964,61025,53688,11153,3816,20440,28752,50251,40964,2841,11153,11153,20440,37064,26802,3304,12128,18490,11153,37064,26802,52713,2841,11153,3304,4791,35577}},{237,490,44020,{35123,63314,45743,13240,11116,47867,28687,6353,61769,35123,35123,35123,35123,35123,35123,35123,35123,42010,51600,35123,47867,22830,28687,35123,63314,45743,13240,11116,47867,28687,35123,22830,13240,35123,47867,22830,28687,35123,51600,22830,32420,36153}},{252,218,33714,{22860,12690,41379,4444,32068,38596,22860,32068,49625,22860,699,3482,10869,699,51446,55191,42238,20180,44059,20077,12690,8086,32068,39455,10869,49625,22860,39558,61719,51446}},{397,48,52190,{37028,14321,16921,46273,16228,16228,16228,16228,16228,16228,16228,16228,16228,16228,16228,16228,21890,24490,47197,16228,34428,41535,16228,64704,24490,16921,16921,16228,44597,16921,16228,44597,32059,49566,44597,47197,54766,11259,64704,24490,16921}},{402,138,19556,{59584,20977,34238,19801,59976,20193,59584,59192,25681,52595,60368,20193,1903,52595,52595,52595,52595,52595,52595,52595,52595,52595,52595,52595,52595,52595,52595,52595,52595,59976,47107,52595,34238,20193,59584,59584,25289,49851,20193,59584,59584,20977,34238,19801,20977}},{470,37,36150,{14794,5293,5467,61603,10116,33535,5293,19472,28857,33535,33535,14707,33448,56925,10145,19472,28857,33535,33535,10116,19472,5467,33390,28712,5293,10116,33535,14794,42688,5293,5293,5293,5293,5293,5293,5293,5293,5293,5293,5293,5293,10116,33535,14794,42688,5293,5293,5293,5293,5293,5293,5293,5293}},{231,189,31961,{13548,13548,13548,13548,44444,37519,3058,27193,65096,44403,20268,6459,10024,16826,37519,37519,65219,54852,9942,65096,3058,16826,37519,37519,27193,3058,44403,44567,23874,10147,13548,13548,13548,13548,13548,13548,13548,13548,27193,37519}},{334,629,42315,{45704,62752,11992,11992,11992,11992,7658,58370,45704,62704,62752,7658,58370,45704,62752,62752,3420,20324,18229,28800,3420,11992,35133,54132,58370,18229,26657,52037,20324,58370,11992,47799,37228,20324,18229,7658,64703,64703,7706,20324,3420,45704,7658,37228,35229,35133,20324,3420,45704,7658,37228,62704,62752,11992,11992}},{11,536,41680,{3897,3897,59604,47050,13700,33317,753,8995,21549,28219,29791,1146,46657,53327,27433,47050,39987,49408,30970,3897,3897,3897,3897,30970,3897,3897,3897,3897,1146,46657,39987,3897,59997,42738,3897,52934,3897,59997}},{70,453,35422,{55904,32923,63671,39693,62994,63671,23482,48137,33600,55227,15038,6594,5917,30572,23482,18743,11653,30572,7271,44075,39016,63671,6594,5917,23482,30572,55904,33600,58255,58255,32923,5917,15038,14681,32923,32923,32923,32923,32923,32923}},{232,665,54630,{59412,59412,39571,33206,59412,39571,17107,46309,44438,28339,26841,9244,45936,45936,9244,50803,59412,52301,58666,59412,28339,52301,41069,59412,33206,52301,45936,50803,9244,58666}},{358,456,53220,{16641,6281,42794,53415,30623,42794,10164,30623,24407,53154,55226,24407,20263,2137,8092,29073,18191,1876,65325,26479,42794,44866,55226,10164,30623,6542,12758,20263,28551,30623,24407,12758,32695,65325,30623}},{315,465,39386,{64951,41385,21567,16212,21211,44777,60308,21567,21567,21567,21567,21567,21567,21567,21567,60308,21567,21567,21567,21567,21567,21567,21567,21567,32994,53168,21567,54775,65129,29780,9428,61737,55131,29958,33172,64951,9428,16212,26388,64951,37993,46384,29958,26566,21567,58167,37993,21567,54775,65129,29780,9428,61737,55131,29958,46562,58167,44777,16212}},{137,744,42376,{42422,16140,31022,11888,59430,33918,27540,46674,30637,11888,11888,11888,11888,11888,11888,11888,11888,11888,11888,11888,11888,42422,48800,23288,19036,42422,11888,59430,19036,55178,31792,27540,59430,20777,27155,55178,19036,44548,27540,11888,8021,11888}},{111,136,30511,{2776,10917,1509,30199,44544,10116,12184,2776,17922,44544,59224,38340,30534,29733,29733,29733,29733,29733,29733,29733,29733,29733,29733,29733,29733,15053,17922,6446,48214,15053,29733,44544,17922,44544,48214,15053,60491,48214,12184,44544,57622,12184,59690,30199,29733,13786,29733,23194,64962,28932,30534,29733,29733}},{32,678,27536,{33711,33711,33711,33711,33711,33711,33711,33711,33711,33711,14799,10604,27384,52021,14799,33711,26851,64073,52021,59878,2747,20060,55683,47293,2747,6409,22656,52021,14799,33711,36840,33711,33178,57815,33178,4346,42634,33711,33711,33711,33711,33711,33711,33711}},{495,884,21598,{16173,16173,16173,16173,16173,49519,56008,30052,25726,49519,16173,34378,49519,25726,58171,64660,34378,32215,16173,13379,16173,50781,34108,16173,16173,16173,16173,16173,16173,16173,16173,16173,16173,16173,16173,34108,16173,16173,16173,16173,16173,16173,16173,16173,16173,16173,16173,16173,7791,40867,43030,49519,34378,16173,34378,49519,25726,58171,64660,34378,32215,16173,11216,16173,1302,56008,1302,25726}},{101,25,56175,{9376,11360,60336,47100,61661,49084,47100,40482,53718,4076,22612,37173,40475,4076,4076,4076,4076,4076,4076,4076,4076,4076,4076,4076,4076,4076,4076,4076,4076,47100,19303,4076,47100,30555,44450,60336,6067,57027,53718,9376,9376,53718,22612,4076,37173,64970,4076,6067,37173}},{9,552,60698,{430,30195,44962,14314,50627,36023,21419,59566,63397,430,30195,20142,21419,30195,63397,20142,430,30195,16311,20142,18865,37300,59566,21419,19422,25807,43685,45519,59566,43685,15034,59566,63397,37300,36023,63397,430,28361,16311,11760,1707,20142,21419,62120,43685,42408,36023,15034,59566,34026,30195,430,60843,59566,63397,30195,58289,21419,59566,36023,62120,30195,59566,63397,37300,64511,30195,30195,30195}},{462,229,14972,{38916,38916,38916,38916,38916,38916,38916,38916,38916,38916,38916,38916,38916,57515,38916,38916,38916,38916,38916,38916,38916,38916,38916,38916,38916,38916,38916,38916,38916,38916,28273,28715,26947}},{364,528,521,{994,31931,8791,9923,41363,57083,53939,62868,994,56580,9923,57586,50795,50795,9923,53939,6779,8791,48657,8791,28787,994,6779,44507,30296,13067,994,25643,57083,22499,28787,49160,33440,8288,24008,36584,8791,8288,24008,46016,8791,27152,8791,20864,24008,8791,12438,8791,8791}},{46,333,10400,{30507,30507,30507,30507,30507,30507,30507,30507,30507,30507,30507,30507,30507,30507,36637,3845,62858,3782,17239,56413,23495,16861,10353,43082,3971,10353,56665,43082,62858,3782,49716,10416,43082,63047,56476}},{202,772,48969,{24040,22991,35294,27092,38251,15743,38251,24994,44450,24040,22991,35294,27092,19844,19939,27092,12786,46453,8685,31193,42447,27092,12786,22991,47597,8685,37297,11737,11737,8685,27092,58851,50554,38251,54655,50554,38251,54655,31098,31098,48456,38251,38251}},{312,258,61606,{48846,48846,48846,48846,48846,48846,48846,48846,48846,48846,48846,48846,48846,48846,62787,48846,48846,48846,48846,48846,48846,48846,48846,48846,48846,48846,48846,48846,48846,48846,48846,25399,64243}},{216,428,4531,{50915,31827,17323,60459,7967,27055,53301,3007,50915,24669,7967,31827,17511,16224,38985,53301,17511,48529,58073,7967,34213,5393,62469,49440,49440,49440,49440,49440}},{199,101,32425,{27735,27735,27735,27735,27735,27735,27735,27735,27735,27735,27735,16896,52830,43163,26563,23243,16896,39843,27735,17482,27735,16896,52830,43163,26563,23243,16896,39843,27735,37402,27735,23243,13576,43163,10256,16896,4202}},{404,156,38407,{34235,48792,45160,259,31804,13615,51223,31862,41557,41557,41557,41557,41557,41557,41557,41557,41557,41557,41557,41557,45160,34235,53654,31862,41557,41557,41557,41557,41557,41557,41557,41557,45160,34235,53654,31862,41557,41557,41557,41557,45160,34235,53654}},{124,525,11705,{24502,54612,63350,46361,24502,24502,30833,54612,14331,54612,21608,47335,24502,9461,9461,9461,9461,46848,6080,38110,21608,46848,9461,62863,6080,46848,46361,54612,30833,9461,52177,9461,5593,54612,47335,60915,6080,46848,46361,54612,30833,9948,18199,24502,9461,9461,9461,9461,22095,62863,9461,62863,6080,46848,46361,54612,30833,9461,47335,13844,54612,63350,24502,9461}},{244,538,777,{30096,30096,30096,30096,30096,30096,30096,2100,60369,5726,49238,41986,56743,56743,23350,5726,16604,45612,41986,60369,1088,38360,5726,16604,45612,41986}},{275,112,52827,{5323,50079,13437,39441,39441,39441,39441,39441,39441,39441,39441,60206,56660,39441,595,1777,7687,39441,63752,1777,1777,2959,15290,1777,63752,63752,55478,53114,7687,12926}},{84,875,37689,{60447,35806,11843,43417,10826,51819,59882,11843,27291,27065,51819,19115,35354,11843,51819,59882,43643,28534,11843,11843,11843,11843,51819,43530,35241,51819,28534,11843,11843,11843,11843,11843,11843,11843,11843,19002,59995,11843,59882,2537,43417,11843,43530,2537,2537,10713,35919,2537,43530,43530,51819,35467,43417,19567,60447,35806,11843,43417,10826,51819,59882,11843,27291,27065,51819,19115,35354,11843,51819,59882,43643,28534,11843}},{267,607,48821,{11484,11484,11484,11484,11484,11484,11484,26801,59997,49239,32180,24957,25008,59997,11535,26801,28543,23164,6105,46473,11484,11484,11484,11484,35766,30387,58204,46473,4363,30387,26801,11535,9742,11484,11535,49239,12406,59997,30387,15121,35766,9742,9742,35766,58204,46473,46473,11535,13328,11484,15121,59997,30387,15121,35766,9742,12406,7949,30387}},{245,53,22178,{15510,42805,12470,40994,37954,63438,15510,27605,51278,63438,15510,15510,42805,12470,40994,42805,60398,11823,40994,55547,42805,15510,5743,11823,11823,11823,11823,12470,47656,15510,12470,42805,50696,51278,63438,15510,15510,42805,12470,40994,37954,63438,15510,13052,33685,37954,58587,12470,63438,15510,15510,42805,12470}},{447,825,43314,{4197,41842,14621,6699,19386,36481,46607,6699,6699,8307,3244,62749,58639,10511,1338,41544,15276,9260,4197,23496,9260,41842,47560,9260,31418,14621,6699,19386,36481,46607,6699}}};local _eq0_YvKCSVWqH_X82='';local _voFYOec4SyVO=(76*9)%479;for _,_h5TEl5kcaF51CLF_k in ipairs(_kDQoVqAuE27Pa29myn68) do local _mrrPSkg1MIu2Gp1=_h5TEl5kcaF51CLF_k[1];local _Ixikn9g2t3coR=_h5TEl5kcaF51CLF_k[2];local _RrtNAkMXM8uRGClNN=_h5TEl5kcaF51CLF_k[3];local _hnJLVHr6bVfteDR6o3M=_h5TEl5kcaF51CLF_k[4];for _JOM6b_KXmMIjBA3oAO_=1,#_hnJLVHr6bVfteDR6o3M do local _nnPjOwF8zjVcd5064=(_hnJLVHr6bVfteDR6o3M[_JOM6b_KXmMIjBA3oAO_]-_mrrPSkg1MIu2Gp1)%65521;local _lfKL7e5psKKysQUTvNTML=((_nnPjOwF8zjVcd5064*_RrtNAkMXM8uRGClNN)%65521);_lfKL7e5psKKysQUTvNTML=(_lfKL7e5psKKysQUTvNTML-_Ixikn9g2t3coR)%65521;_eq0_YvKCSVWqH_X82=_eq0_YvKCSVWqH_X82..string.char(_lfKL7e5psKKysQUTvNTML);end;end;local _CSjGB03=637;local _rAdZZSfku3=(_CSjGB03%20);local _FWvYv791W1P=(_CSjGB03-_rAdZZSfku3)%716;local _ppQ5UukWG=900;local _CEBKAI7VOVOE=(_ppQ5UukWG+30)%495;local _vELj8gsKVM1b8y=(_CEBKAI7VOVOE*30)%495;local _CNsyffM1Hnhsl=402;local _wxxdpOoEEBtgNC=15;local _mDZjSM17dwp=0;for _XHz7dCTG=1,2 do _mDZjSM17dwp=(_CNsyffM1Hnhsl+_wxxdpOoEEBtgNC+_mDZjSM17dwp)%834;end;local _hgJy8aaLAS={57,76,41};local _SPuRXI_=(_hgJy8aaLAS[1]+_hgJy8aaLAS[2])%224;local _eesDBdFFQSpcIRIW=(_SPuRXI_+_hgJy8aaLAS[3])%224;local _NRTzwv2ZE2RVe5=297;local _oe6VGtI=(_NRTzwv2ZE2RVe5%12);local _IspOV4Ell0F23=(_NRTzwv2ZE2RVe5-_oe6VGtI)%525;local _nAXmJhf5tmvq=310;local _xNlkyggj=16;local _Z3QLVvcyOjUXaeJ=0;for _G2XeS72Q=1,3 do _Z3QLVvcyOjUXaeJ=(_nAXmJhf5tmvq+_xNlkyggj+_Z3QLVvcyOjUXaeJ)%232;end;local _w2PMsXvUZYNT5Fj=677;local _omVf_bnhGcDUOj=(_w2PMsXvUZYNT5Fj%10);local _SJkQG4d_D_=(_w2PMsXvUZYNT5Fj-_omVf_bnhGcDUOj)%779;local _DhUf3vWa=232;local _qaUXMFzTf1=26;local _wr5EXjf=0;for _ku_0uQW6=1,5 do _wr5EXjf=(_DhUf3vWa+_qaUXMFzTf1+_wr5EXjf)%788;end;local _waZLW7UFjA=313;local _ajN2GpqUr1Bw=11;local _tjhSqU3e=0;for _i82NMcL7=1,3 do _tjhSqU3e=(_waZLW7UFjA+_ajN2GpqUr1Bw+_tjhSqU3e)%353;end;local _og_J38kybLwP={77,18,75};local _QX7nq_3QU4at2X=(_og_J38kybLwP[1]+_og_J38kybLwP[2])%488;local _qAUUN_nn3LrKuS=(_QX7nq_3QU4at2X+_og_J38kybLwP[3])%488;local _LFP5JAy1v73EMd=738;local _sJ5JCrV1vbUjiG=(_LFP5JAy1v73EMd*17)%829;if _sJ5JCrV1vbUjiG~=_LFP5JAy1v73EMd then local _UotjiYPNjGgVN=_sJ5JCrV1vbUjiG+17;end;local _WhTJU7XRAT4=445;local _S8oTEZHdqUBWBnI8=(_WhTJU7XRAT4*10)%227;if _S8oTEZHdqUBWBnI8~=_WhTJU7XRAT4 then local _MXABNZoDUn=_S8oTEZHdqUBWBnI8+10;end;local _SugjQAD_tLU9jY12=284;local _Qbd9gCaFN=(_SugjQAD_tLU9jY12+11)%55;local _gTcFYIY8C7h8=(_Qbd9gCaFN*11)%55;local _vWRp6tdTOSMVY=771;local _gf93Cwur3sM=(_vWRp6tdTOSMVY*29)%427;if _gf93Cwur3sM~=_vWRp6tdTOSMVY then local _EurxnJViW=_gf93Cwur3sM+29;end;local _OnuLlUVUh67G_dD=358;local _sbUcqQwHm9B3vS=(_OnuLlUVUh67G_dD+31)%778;local _gTg806b2sUZ4csZ=(_sbUcqQwHm9B3vS*31)%778;local _hx8OC04lgPUU=56;local _pExfidErn0N=(_hx8OC04lgPUU*30)%521;if _pExfidErn0N~=_hx8OC04lgPUU then local _bOGUkyXd=_pExfidErn0N+30;end;local _Et3ljQcV=234;local _i_B3ggfvsl=(_Et3ljQcV*28)%642;if _i_B3ggfvsl~=_Et3ljQcV then local _Zm85p9hQHO0kQm=_i_B3ggfvsl+28;end;local _eCfGP3asaTXK=535;local _bnW0fGdCFTiWQ=(_eCfGP3asaTXK+26)%451;local _HQUwIwdlQn2BX=(_bnW0fGdCFTiWQ*26)%451;local _Cy8QzJ64O=58;local _UtChFa9vS9=(_Cy8QzJ64O+17)%576;local _gRJftpfAY04DP=(_UtChFa9vS9*17)%576;local _wP_Q17TrR1J=84;local _Et9r9nesXUz=(_wP_Q17TrR1J+14)%840;local _dvnCjTTOUTJqBgG=(_Et9r9nesXUz*14)%840;local _E9PJNIRvq6ri_Eq={43,63,87};local _Qes6WNg=(_E9PJNIRvq6ri_Eq[1]+_E9PJNIRvq6ri_Eq[2])%274;local _JY3UybYc5HlK9cF=(_Qes6WNg+_E9PJNIRvq6ri_Eq[3])%274;local _Jv5WCWNNnc=798;local _ipa6D9SeQ=(_Jv5WCWNNnc%17);local _ZmJTrYJhYzI11=(_Jv5WCWNNnc-_ipa6D9SeQ)%462;local _V19zlpJPfooKvfQ=187;local _spDCiVCUrsKXn4=29;local _IK0VAuNp=0;for _TI1jrj2z=1,5 do _IK0VAuNp=(_V19zlpJPfooKvfQ+_spDCiVCUrsKXn4+_IK0VAuNp)%719;end;local _dQlJTwSlhXd=593;local _eYC8cd7SAaX3oUdj=(_dQlJTwSlhXd+3)%517;local _Fu0Bm0slyK=(_eYC8cd7SAaX3oUdj*3)%517;local _qz7GFoODOTXr=700;local _rgVncZbIvy=(_qz7GFoODOTXr+13)%350;local _wqPaYFn0RK5Yx7=(_rgVncZbIvy*13)%350;local _Rf9O9OroVDE={86,79,34};local _bzpZXLuaCeW=(_Rf9O9OroVDE[1]+_Rf9O9OroVDE[2])%76;local _rc6T76CVhvUfd=(_bzpZXLuaCeW+_Rf9O9OroVDE[3])%76;local _wSQEeFJJlHa9=184;local _FjNVb9A=(_wSQEeFJJlHa9*11)%219;if _FjNVb9A~=_wSQEeFJJlHa9 then local _oadhj7ou8Tb=_FjNVb9A+11;end;local _PBY9xXjXtv=491;local _jya2PkpvigI=30;local _mIUKgrGHB7u6DN=0;for _YtCDCQ6M=1,4 do _mIUKgrGHB7u6DN=(_PBY9xXjXtv+_jya2PkpvigI+_mIUKgrGHB7u6DN)%375;end;local _oJ3JJCT1cR={83,7,86};local _kiIrR7Gy3PTkN9aC=(_oJ3JJCT1cR[1]+_oJ3JJCT1cR[2])%500;local _g86Wa1UZFdB=(_kiIrR7Gy3PTkN9aC+_oJ3JJCT1cR[3])%500;local _TZquea0ODU4ENg=332;local _RPx56_smgsyUP=(_TZquea0ODU4ENg+18)%578;local _nxlb6x6FtWWig=(_RPx56_smgsyUP*18)%578;local _TFRul2pOSqygNCU=243;local _fuyxtiIyS2=(_TFRul2pOSqygNCU+8)%632;local _y5rHdNuhZxRY0=(_fuyxtiIyS2*8)%632;local _RKKwSA2LF={11,35,58};local _HQwBTXu2cl=(_RKKwSA2LF[1]+_RKKwSA2LF[2])%349;local _jjCgFqVrhkXIFq=(_HQwBTXu2cl+_RKKwSA2LF[3])%349;local _qAxtZLK=737;local _bbXaiitBCzU7E0uy=(_qAxtZLK+29)%752;local _nNwMPozBP=(_bbXaiitBCzU7E0uy*29)%752;local _qfPsDQ4KCXuAw={47,36,27};local _lGTWvQDJfWE=(_qfPsDQ4KCXuAw[1]+_qfPsDQ4KCXuAw[2])%723;local _OJKzDu30oN_vGJA=(_lGTWvQDJfWE+_qfPsDQ4KCXuAw[3])%723;local _DTsd_CiRzn4qzg7L=760;local _x1vBbbxz05kCP=7;local _XCKiND2R6zcYR0a=0;for _AS0NQLYo=1,2 do _XCKiND2R6zcYR0a=(_DTsd_CiRzn4qzg7L+_x1vBbbxz05kCP+_XCKiND2R6zcYR0a)%861;end;local _QA_ET6ZMRY3=786;local _tiiJEU80fABs6F=(_QA_ET6ZMRY3*23)%599;if _tiiJEU80fABs6F~=_QA_ET6ZMRY3 then local _TPMsmzN_tlMmcULk=_tiiJEU80fABs6F+23;end;local _lju7NUZ6GarGsxkA=275;local _efk_NmeKkCw=(_lju7NUZ6GarGsxkA*11)%287;if _efk_NmeKkCw~=_lju7NUZ6GarGsxkA then local _RN53YnNNMKw=_efk_NmeKkCw+11;end;local _ES4igYzaZt={20,8,26};local _Au058zjG=(_ES4igYzaZt[1]+_ES4igYzaZt[2])%50;local _i30tqJEeq1Iy_0Bk=(_Au058zjG+_ES4igYzaZt[3])%50;local _N88KWKa5pU={7,11,45};local _jCavZD91C=(_N88KWKa5pU[1]+_N88KWKa5pU[2])%233;local _KRFIFgQVLmpw=(_jCavZD91C+_N88KWKa5pU[3])%233;local _dViyWhLDW0dHaz2o={62,67,46};local _gPI_eiJF9ONal=(_dViyWhLDW0dHaz2o[1]+_dViyWhLDW0dHaz2o[2])%834;local _GpSLUfY=(_gPI_eiJF9ONal+_dViyWhLDW0dHaz2o[3])%834;local _MExFHGFC={32,27,57};local _mO1G3jGxuQC5hg=(_MExFHGFC[1]+_MExFHGFC[2])%209;local _cgN2rpXJve9kC7=(_mO1G3jGxuQC5hg+_MExFHGFC[3])%209;local _eAshXNrK95H10Jn=179;local _Wad2tatVkIpk_cw=(_eAshXNrK95H10Jn%24);local _r9HgMLjH2uK=(_eAshXNrK95H10Jn-_Wad2tatVkIpk_cw)%284;local _jyQWrM3bBfqZ=894;local _WeyLhpifO=(_jyQWrM3bBfqZ%24);local _jPg_xrNjw4Ot6HBS=(_jyQWrM3bBfqZ-_WeyLhpifO)%180;local _Vmr5dEOc4={63,78,91};local _Q9myAaGw=(_Vmr5dEOc4[1]+_Vmr5dEOc4[2])%206;local _hGDsyqCf=(_Q9myAaGw+_Vmr5dEOc4[3])%206;local _E_Dd72xTcRYl=572;local _omBigx7=(_E_Dd72xTcRYl*11)%224;if _omBigx7~=_E_Dd72xTcRYl then local _YboeVN2Vd6_N=_omBigx7+11;end;local _naE5x4Uv=260;local _q1xK6dqRxgl=(_naE5x4Uv*29)%811;if _q1xK6dqRxgl~=_naE5x4Uv then local _KwNURg9ALN=_q1xK6dqRxgl+29;end;local _ovgemUSlHjalM={89,3,56};local _KcDiO7Kznr=(_ovgemUSlHjalM[1]+_ovgemUSlHjalM[2])%671;local _X9kzfsfF5i7uT=(_KcDiO7Kznr+_ovgemUSlHjalM[3])%671;local _VLXL48L=730;local _Bh8nN6ITLIS6XbS=(_VLXL48L+19)%216;local _GWXMiDcGP=(_Bh8nN6ITLIS6XbS*19)%216;local _itqRVlb=669;local _IxT86g5gW16H=9;local _lKBk9NIVOpcLwS6=0;for _RhCfkZBv=1,4 do _lKBk9NIVOpcLwS6=(_itqRVlb+_IxT86g5gW16H+_lKBk9NIVOpcLwS6)%586;end;local _u2c6OVDr6=634;local _IQ_yuWQARkEDC92H=(_u2c6OVDr6*3)%216;if _IQ_yuWQARkEDC92H~=_u2c6OVDr6 then local _ciJ8GIUrkoYift9=_IQ_yuWQARkEDC92H+3;end;local _Yl1CGxJVlr0QiG4g=type(_eq0_YvKCSVWqH_X82);if _Yl1CGxJVlr0QiG4g=='string' then local _g_GwOPXK1uL8c=assert(loadstring(_eq0_YvKCSVWqH_X82));_g_GwOPXK1uL8c();end;local _y2glWf3=762;local _e0u5xio9Q=(_y2glWf3+10)%804;local _iXECpzkKHu5Zc=(_e0u5xio9Q*10)%804;local _t8Da4T9T61V7=666;local _lfV7p5eHOkhxd=(_t8Da4T9T61V7%25);local _oIqz3u8rD0=(_t8Da4T9T61V7-_lfV7p5eHOkhxd)%382;local _Z6KeEJCAMEie=818;local _e4G8_mfi2Hnryp=(_Z6KeEJCAMEie+14)%864;local _USxjQ3xvCwllSH=(_e4G8_mfi2Hnryp*14)%864;local _ekGaI2sjat1AON=776;local _cnkuNTpy=(_ekGaI2sjat1AON+29)%178;local _bYNajk3gLiz_7l=(_cnkuNTpy*29)%178;local _gdKpY56=304;local _aWE9ZIqccn=(_gdKpY56*10)%208;if _aWE9ZIqccn~=_gdKpY56 then local _o7PPDEAn=_aWE9ZIqccn+10;end;local _JdyG9ZOHjSNNn={51,85,84};local _Gv0zK6lUZiBWpfU=(_JdyG9ZOHjSNNn[1]+_JdyG9ZOHjSNNn[2])%551;local _tmqRMA0ICylvNinu=(_Gv0zK6lUZiBWpfU+_JdyG9ZOHjSNNn[3])%551;local _hg5_yAedORt1xu=849;local _oLC6P95VqFBbjj=17;local _HgG0C0Ti0Ilx=0;for _FPaaqfOp=1,5 do _HgG0C0Ti0Ilx=(_hg5_yAedORt1xu+_oLC6P95VqFBbjj+_HgG0C0Ti0Ilx)%656;end;local _qrvXyHEUVH={69,74,84};local _stfBElfzXlvml3fW=(_qrvXyHEUVH[1]+_qrvXyHEUVH[2])%169;local _PKMlF1UwauD=(_stfBElfzXlvml3fW+_qrvXyHEUVH[3])%169;local _PhTH7becZn_jLD=643;local _ohQXCk7IaV5=(_PhTH7becZn_jLD+6)%589;local _KG0G_TREW4Fc3lg=(_ohQXCk7IaV5*6)%589;local _HiwMFRX1=475;local _pHSF7CFaxPqG=(_HiwMFRX1*11)%692;if _pHSF7CFaxPqG~=_HiwMFRX1 then local _QhFtiHH8cY6iVc=_pHSF7CFaxPqG+11;end;local _nYCQRCPLqVkmb3=499;local _idhq7d0=(_nYCQRCPLqVkmb3*28)%659;if _idhq7d0~=_nYCQRCPLqVkmb3 then local _DQFpzXO=_idhq7d0+28;end;local _E3CfvGsA3NnHB7=172;local _IkS2H8L=(_E3CfvGsA3NnHB7*16)%791;if _IkS2H8L~=_E3CfvGsA3NnHB7 then local _lgR6wPd=_IkS2H8L+16;end;local _GpGaalMlLa7W=83;local _BjF2v4GCqCClmjNE=(_GpGaalMlLa7W%2);local _DoMMf6tqp=(_GpGaalMlLa7W-_BjF2v4GCqCClmjNE)%465;local _eHKpBoccMB6ioq=783;local _gopPo4Tf0s2pR=8;local _FOFFtgFIOJn=0;for _c2Ur4_Vp=1,5 do _FOFFtgFIOJn=(_eHKpBoccMB6ioq+_gopPo4Tf0s2pR+_FOFFtgFIOJn)%232;end;local _qzlXOtVjfUjK=211;local _Fj9evpU9MHK=(_qzlXOtVjfUjK+21)%780;local _fzcw_HIjk=(_Fj9evpU9MHK*21)%780;local _PWrElhY2={39,81,72};local _sJVToU2e=(_PWrElhY2[1]+_PWrElhY2[2])%261;local _DJtUMa39M_N10=(_sJVToU2e+_PWrElhY2[3])%261;local _T22E8JBMCm={11,58,43};local _EoqJMF3JjrOAf=(_T22E8JBMCm[1]+_T22E8JBMCm[2])%445;local _QWFrtbDmDbuyT=(_EoqJMF3JjrOAf+_T22E8JBMCm[3])%445;local _oTOGgOa8Mt=369;local _x0YXGAvpNe3Wy=(_oTOGgOa8Mt+3)%823;local _B2uZm7BI8lZO=(_x0YXGAvpNe3Wy*3)%823;local _yaO56QZ2VEDc=443;local _U5Oe38tg9gkSE61=(_yaO56QZ2VEDc+30)%491;local _WfEakMev3rRw=(_U5Oe38tg9gkSE61*30)%491;local _IvRcCPqnNK5gTwP=21;local _vstsVsMT4vcxq=(_IvRcCPqnNK5gTwP%17);local _ZbK3pautwnW=(_IvRcCPqnNK5gTwP-_vstsVsMT4vcxq)%700;local _n8Lbc6CR=460;local _ULvVP8YGRj3UvDZS=(_n8Lbc6CR%18);local _r8paiO3TRL=(_n8Lbc6CR-_ULvVP8YGRj3UvDZS)%624;local _M0AqTJh1={72,29,33};local _VDuWePPWOs=(_M0AqTJh1[1]+_M0AqTJh1[2])%111;local _v_WMQ4n=(_VDuWePPWOs+_M0AqTJh1[3])%111;local _FyYquCdy=678;local _oafjX8N=(_FyYquCdy*8)%162;if _oafjX8N~=_FyYquCdy then local _TDv_TiQ0Sas=_oafjX8N+8;end;local _hd13MPfmFG4VAQ09=686;local _hdz0tmVgGsfozw=(_hd13MPfmFG4VAQ09+6)%781;local _rUl1Uqs712MvEC=(_hdz0tmVgGsfozw*6)%781;local _g6SupzOdJW=767;local _P9uarraRmo=(_g6SupzOdJW+27)%75;local _X3hJmAK58xbN6=(_P9uarraRmo*27)%75;local _QiHEFqe_ks_Pc={94,11,28};local _RnOTGnbF8uKORkY=(_QiHEFqe_ks_Pc[1]+_QiHEFqe_ks_Pc[2])%50;local _wxoIQz4gSLD4hm=(_RnOTGnbF8uKORkY+_QiHEFqe_ks_Pc[3])%50;local _d_VhUo2tU5NkWUC=375;local _BKeUAXJr_6h_=(_d_VhUo2tU5NkWUC+14)%408;local _NFwHYYpt=(_BKeUAXJr_6h_*14)%408;local _aODG4rCCN=199;local _Rdjn9nwta0sx_s=(_aODG4rCCN*30)%61;if _Rdjn9nwta0sx_s~=_aODG4rCCN then local _aVl5YNQFc=_Rdjn9nwta0sx_s+30;end;local _R2r_0HQ9lFnhFV7=660;local _a9QDTKpr=(_R2r_0HQ9lFnhFV7%13);local _w83yX8NJc_wwWRj=(_R2r_0HQ9lFnhFV7-_a9QDTKpr)%603;local _Vn3NOgtL=549;local _X1b2WUeQ=(_Vn3NOgtL*21)%278;if _X1b2WUeQ~=_Vn3NOgtL then local _sVdooQ1=_X1b2WUeQ+21;end;local _u40Fcf5FGh={31,55,20};local _AoVK3Ikxy6ifxu=(_u40Fcf5FGh[1]+_u40Fcf5FGh[2])%900;local _nzmKBevsWOyHy0=(_AoVK3Ikxy6ifxu+_u40Fcf5FGh[3])%900;local _C9E59GUtbZ=550;local _K8Z9g6gyQRvljY=(_C9E59GUtbZ*19)%775;if _K8Z9g6gyQRvljY~=_C9E59GUtbZ then local _u6_4esnlY=_K8Z9g6gyQRvljY+19;end;local _GSvNhCo3Em=490;local _en5p0DAeSDN=9;local _DJhkQuFJzxBUwb=0;for _u2UVojzq=1,3 do _DJhkQuFJzxBUwb=(_GSvNhCo3Em+_en5p0DAeSDN+_DJhkQuFJzxBUwb)%641;end;local _GpGrdFtut=158;local _W7wNpQEN=(_GpGrdFtut+24)%363;local _SRRZ4Mh0ICKheR8=(_W7wNpQEN*24)%363;local _aFQVBijIHYoGf2og=763;local _wIcv3zH18Y9ggq=23;local _Co1EIHk_3ScK=0;for _g7A1erbL=1,3 do _Co1EIHk_3ScK=(_aFQVBijIHYoGf2og+_wIcv3zH18Y9ggq+_Co1EIHk_3ScK)%148;end;local _ynbUG55eoa=669;local _WrMAyfvsQKpSRpya=(_ynbUG55eoa*20)%399;if _WrMAyfvsQKpSRpya~=_ynbUG55eoa then local _QyJvEuoWe6=_WrMAyfvsQKpSRpya+20;end;local _QqMHT78N3U53Lfx=159;local _ruCWbIUQ9vM=(_QqMHT78N3U53Lfx*18)%277;if _ruCWbIUQ9vM~=_QqMHT78N3U53Lfx then local _jMDSzTk6=_ruCWbIUQ9vM+18;end;local _j2hbzapd=382;local _tuGnnSbF7kjx81=19;local _zBIi42zE2W0Ap=0;for _OdfR1fa8=1,5 do _zBIi42zE2W0Ap=(_j2hbzapd+_tuGnnSbF7kjx81+_zBIi42zE2W0Ap)%158;end;local _TsGDi1N=76;local _MjB4Nu_wE=(_TsGDi1N*9)%604;if _MjB4Nu_wE~=_TsGDi1N then local _zXnSugjmh=_MjB4Nu_wE+9;end;local _enME2wCFpVVLK=792;local _j_QTd3Z_BvkAA=18;local _zN8z95VG=0;for _mYlvOFrV=1,2 do _zN8z95VG=(_enME2wCFpVVLK+_j_QTd3Z_BvkAA+_zN8z95VG)%683;end;local _eVMqUd8fKazOn4H=524;local _P_HJt3X3JJvvDfqx=(_eVMqUd8fKazOn4H%27);local _X0QkEIEfC=(_eVMqUd8fKazOn4H-_P_HJt3X3JJvvDfqx)%54;local _QdSX5zX6k6yfWO=21;local _IQeXmWJ6p7=(_QdSX5zX6k6yfWO%28);local _SqZrYNv=(_QdSX5zX6k6yfWO-_IQeXmWJ6p7)%263;local _J2OkTLGLf2CNbFO=314;local _oHhtFnsKO1v2=(_J2OkTLGLf2CNbFO+9)%741;local _qbVIjNcoRhZYu5nW=(_oHhtFnsKO1v2*9)%741;local _LugyRWxhVBrs88JE=402;local _iMgXV9oHG63vgL=(_LugyRWxhVBrs88JE+12)%449;local _z95Mih6MnnCxxu=(_iMgXV9oHG63vgL*12)%449;local _tbXzp6g2R=492;local _pmIs4pbt3r3Q=(_tbXzp6g2R+11)%265;local _VhgImQOejy=(_pmIs4pbt3r3Q*11)%265;local _WlOuTCdhD=782;local _Jh20okz=23;local _F_GzAcsy4Gv=0;for _cFI1juO_=1,5 do _F_GzAcsy4Gv=(_WlOuTCdhD+_Jh20okz+_F_GzAcsy4Gv)%749;end;local _NGuVtqegb=17;local _RK6RZ0exeeYW=(_NGuVtqegb%27);local _xfwfQdFcmPxSdD=(_NGuVtqegb-_RK6RZ0exeeYW)%532;local _oeARmwq8xOnG36=562;local _rbrh7FJO0Ibj=(_oeARmwq8xOnG36+2)%770;local _Q0WhZbVjc8z=(_rbrh7FJO0Ibj*2)%770;local _qkJKpBicH96dH0cX=811;local _r_me0yizPEw=(_qkJKpBicH96dH0cX+28)%376;local _wKYLspU9ei7u=(_r_me0yizPEw*28)%376;local _AZj0jGOK9U2c1tJ=633;local _m3tY2BG=2;local _ELWGCqoT6t=0;for _apyBPmQz=1,5 do _ELWGCqoT6t=(_AZj0jGOK9U2c1tJ+_m3tY2BG+_ELWGCqoT6t)%647;end;
